residues:
  "G": 57.021464
  "A": 71.037114
  "S": 87.032028
  "P": 97.052764
  "V": 99.068414
  "T": 101.047670
  "C": 103.009185
  "L": 113.084064
  "I": 113.084064
  "N": 114.042927
  "D": 115.026943
  "Q": 128.058578
  "K": 128.094963
  "E": 129.042593
  "M": 131.040485
  "H": 137.058912
  "F": 147.068414
  "R": 156.101111
  "Y": 163.063329
  "W": 186.079313
  # Modifications
  "M(+15.99)": 147.035400
  "C(+57.02)": 160.030649
  "N(+.98)": 115.026943
  "Q(+.98)": 129.042594
  "S(+79.97)": 166.998028 # Phosphorylation + 79.966
  "T(+79.97)": 181.01367 # Phosphorylation + 79.966
  "Y(+79.97)": 243.029329 # Phosphorylation + 79.966
